006,
027,
007,
027,
027,
027,
013,
009,
003,
006,
027,
007,
027,
027,
027,
013,
009,
003,
006,
027,
007,
027,
027,
027,
013,
009,
003,
006,
027,
007,
027,
027,
027,
013,
009,
003,
006,
027,
007,
027,
027,
027,
013,
009,
003,
006,
027,
007,
027,
027,
027,
013,
009,
003,
006,
027,
007,
027,
027,
027,
013,
009,
003,
006,
027,
007,
027,
027,
027,
013,
009,
003,
006,
027,
007,
027,
027,
027,
013,
009,
003,
006,
027,
007,
027,
027,
027,
013,
009,
003,
006,
027,
007,
027,
027,
027,
013,
009,
003,
006,